HIRES 2453339.973208   -1.19 1.85 0.07397 0.00055                                             
HIRES 2453368.915132    0.24 1.96 0.07643 0.00041                                             
HIRES 2453425.720113   -6.66 1.38 0.07896 0.00043                                             
HIRES 2453425.726411   -7.53 1.88 0.07847 0.00050                                             
HIRES 2453723.916398    1.93 1.74 0.07362 0.00044                                             
HIRES 2453776.767004   -1.62 1.52 0.07708 0.00051                                             
HIRES 2453776.773294   -2.64 1.50 0.07694 0.00043                                             
HIRES 2453982.104118    4.57 1.30 0.07588 0.00073                                             
HIRES 2454138.735988   -1.22 1.57 0.07669 0.00045                                             
HIRES 2454398.044025   -1.97 1.66 0.07791 0.00051                                             
HIRES 2454430.028892    0.71 1.99 0.07905 0.00045                                             
HIRES 2454454.985546   -3.58 1.56 0.08025 0.00047                                             
HIRES 2454455.854146   -1.14 1.31 0.07908 0.00053                                             
HIRES 2454460.819709   -2.21 1.97 0.07959 0.00045                                             
HIRES 2454718.132400    1.39 1.52 0.07885 0.00042                                             
HIRES 2454719.130721    1.46 1.28 0.07910 0.00051                                             
HIRES 2454723.121399    0.03 1.45 0.07872 0.00044                                             
HIRES 2454724.129066   -0.17 1.57 0.08053 0.00060                                             
HIRES 2454725.140909    1.29 1.68 0.07997 0.00040                                             
HIRES 2455490.969115   -5.19 1.53 0.07906 0.00043                                             
